../Data/irish/ED-00001-00000001.toc
calculation time: 68.2597489357 seconds
axes: (56, [[6, 12, 4, 9, 10, 7, 2, 1, 5, 8, 3, 11], [6, 12, 4, 10, 9, 7, 2, 1, 5, 8, 3, 11], [11, 3, 8, 5, 1, 2, 7, 9, 10, 4, 12, 6], [11, 3, 8, 5, 1, 2, 7, 10, 9, 4, 12, 6]])

../Data/irish/ED-00001-00000002.toc
calculation time: 3.54051804543 seconds
axes: (16, [[3, 5, 7, 2, 9, 4, 1, 6, 8], [8, 6, 1, 4, 9, 2, 7, 5, 3]])

../Data/irish/ED-00001-00000003.toc
calculation time: 509.250120878 seconds
axes: (88, [[11, 3, 9, 8, 10, 7, 14, 6, 5, 2, 13, 4, 1, 12], [12, 1, 4, 13, 2, 5, 6, 14, 7, 10, 8, 9, 3, 11]])

