Plus large ensemble cohérent : (13, [{1, 2, 3, 4, 5, 6, 7, 8, 9, 10, 11, 12, 13, 14, 15, 16}])
(13, [6, {1, 2, 3, 4, 5, 7, 8, 9, 10, 11, 12, 13, 14, 15, 16}])
(10, [9, 10, {1, 2, 3, 4, 5, 6, 7, 8, 11, 12, 13, 14, 15, 16}])
(10, [1, 6, {2, 3, 4, 5, 7, 8, 9, 10, 11, 12, 13, 14, 15, 16}])
(9, [5, {1, 2, 3, 4, 6, 7, 8, 9, 10, 11, 12, 13, 14, 15, 16}])
(8, [4, 5, {1, 2, 3, 6, 7, 8, 9, 10, 11, 12, 13, 14, 15, 16}])
(8, [8, {1, 2, 3, 4, 5, 6, 7, 9, 10, 11, 12, 13, 14, 15, 16}])
(7, [5, 6, {1, 2, 3, 4, 7, 8, 9, 10, 11, 12, 13, 14, 15, 16}])
(6, [4, 5, 14, {1, 2, 3, 6, 7, 8, 9, 10, 11, 12, 13, 15, 16}])
(4, [14, {1, 2, 3, 4, 5, 6, 7, 8, 9, 10, 11, 12, 13, 15, 16}])
(4, [3, {1, 2, 4, 5, 6, 7, 8, 9, 10, 11, 12, 13, 14, 15, 16}])
(4, [1, 5, 6, {2, 3, 4, 7, 8, 9, 10, 11, 12, 13, 14, 15, 16}])
(3, [7, 9, 10, 16, {1, 2, 3, 4, 5, 6, 8, 11, 12, 13, 14, 15}])
(3, [1, 6, 15, {2, 3, 4, 5, 7, 8, 9, 10, 11, 12, 13, 14, 16}])
(3, [10, {1, 2, 3, 4, 5, 6, 7, 8, 9, 11, 12, 13, 14, 15, 16}])
(3, [10, 12, {1, 2, 3, 4, 5, 6, 7, 8, 9, 11, 13, 14, 15, 16}])
(3, [9, 10, 12, {1, 2, 3, 4, 5, 6, 7, 8, 11, 13, 14, 15, 16}])
(3, [4, 13, 14, {1, 2, 3, 5, 6, 7, 8, 9, 10, 11, 12, 15, 16}])
(3, [16, {1, 2, 3, 4, 5, 6, 7, 8, 9, 10, 11, 12, 13, 14, 15}])
(2, [8, 13, {1, 2, 3, 4, 5, 6, 7, 9, 10, 11, 12, 14, 15, 16}])
(2, [1, 4, 5, 6, 14, {2, 3, 7, 8, 9, 10, 11, 12, 13, 15, 16}])
(2, [4, 5, 13, 14, {1, 2, 3, 6, 7, 8, 9, 10, 11, 12, 15, 16}])
(2, [9, 10, 16, {1, 2, 3, 4, 5, 6, 7, 8, 11, 12, 13, 14, 15}])
(2, [4, {1, 2, 3, 5, 6, 7, 8, 9, 10, 11, 12, 13, 14, 15, 16}])
(2, [10, 12, 15, {1, 2, 3, 4, 5, 6, 7, 8, 9, 11, 13, 14, 16}])
Resultat : 129
Duration : 26.9422061443
Axes :
[2, 11, 3, 7, 16, 9, 10, 12, 15, 1, 6, 5, 4, 14, 13, 8]
[2, 11, 3, 8, 13, 14, 4, 5, 6, 1, 15, 12, 10, 9, 16, 7]
[2, 11, 7, 16, 9, 10, 12, 15, 1, 6, 5, 4, 14, 13, 8, 3]
[2, 11, 8, 13, 14, 4, 5, 6, 1, 15, 12, 10, 9, 16, 7, 3]
[2, 3, 11, 7, 16, 9, 10, 12, 15, 1, 6, 5, 4, 14, 13, 8]
[2, 3, 11, 8, 13, 14, 4, 5, 6, 1, 15, 12, 10, 9, 16, 7]
[2, 3, 7, 16, 9, 10, 12, 15, 1, 6, 5, 4, 14, 13, 8, 11]
[2, 3, 8, 13, 14, 4, 5, 6, 1, 15, 12, 10, 9, 16, 7, 11]
[2, 7, 16, 9, 10, 12, 15, 1, 6, 5, 4, 14, 13, 8, 11, 3]
[2, 8, 13, 14, 4, 5, 6, 1, 15, 12, 10, 9, 16, 7, 11, 3]
[2, 7, 16, 9, 10, 12, 15, 1, 6, 5, 4, 14, 13, 8, 3, 11]
[2, 8, 13, 14, 4, 5, 6, 1, 15, 12, 10, 9, 16, 7, 3, 11]
[11, 2, 3, 7, 16, 9, 10, 12, 15, 1, 6, 5, 4, 14, 13, 8]
[11, 2, 3, 8, 13, 14, 4, 5, 6, 1, 15, 12, 10, 9, 16, 7]
[11, 2, 7, 16, 9, 10, 12, 15, 1, 6, 5, 4, 14, 13, 8, 3]
[11, 2, 8, 13, 14, 4, 5, 6, 1, 15, 12, 10, 9, 16, 7, 3]
[11, 3, 2, 7, 16, 9, 10, 12, 15, 1, 6, 5, 4, 14, 13, 8]
[11, 3, 2, 8, 13, 14, 4, 5, 6, 1, 15, 12, 10, 9, 16, 7]
[11, 7, 16, 9, 10, 12, 15, 1, 6, 5, 4, 14, 13, 8, 2, 3]
[11, 8, 13, 14, 4, 5, 6, 1, 15, 12, 10, 9, 16, 7, 2, 3]
[3, 2, 11, 7, 16, 9, 10, 12, 15, 1, 6, 5, 4, 14, 13, 8]
[3, 2, 11, 8, 13, 14, 4, 5, 6, 1, 15, 12, 10, 9, 16, 7]
[3, 11, 2, 7, 16, 9, 10, 12, 15, 1, 6, 5, 4, 14, 13, 8]
[3, 11, 2, 8, 13, 14, 4, 5, 6, 1, 15, 12, 10, 9, 16, 7]
