Plus large ensemble cohérent : (21, [9, 10, {1, 2, 3, 4, 5, 6, 7, 8, 11, 12, 13, 14, 15, 16}])
(13, [10, {1, 2, 3, 4, 5, 6, 7, 8, 9, 11, 12, 13, 14, 15, 16}])
(11, [4, 5, 14, {1, 2, 3, 6, 7, 8, 9, 10, 11, 12, 13, 15, 16}])
(9, [5, {1, 2, 3, 4, 6, 7, 8, 9, 10, 11, 12, 13, 14, 15, 16}])
(8, [4, 5, {1, 2, 3, 6, 7, 8, 9, 10, 11, 12, 13, 14, 15, 16}])
(8, [{1, 2, 3, 4, 5, 6, 7, 8, 9, 10, 11, 12, 13, 14, 15, 16}])
(6, [10, 13, {1, 2, 3, 4, 5, 6, 7, 8, 9, 11, 12, 14, 15, 16}])
(6, [9, 10, 16, {1, 2, 3, 4, 5, 6, 7, 8, 11, 12, 13, 14, 15}])
(6, [9, 10, 13, {1, 2, 3, 4, 5, 6, 7, 8, 11, 12, 14, 15, 16}])
(5, [10, 12, 13, {1, 2, 3, 4, 5, 6, 7, 8, 9, 11, 14, 15, 16}])
(5, [1, 6, {2, 3, 4, 5, 7, 8, 9, 10, 11, 12, 13, 14, 15, 16}])
(5, [16, {1, 2, 3, 4, 5, 6, 7, 8, 9, 10, 11, 12, 13, 14, 15}])
(4, [1, 5, 6, {2, 3, 4, 7, 8, 9, 10, 11, 12, 13, 14, 15, 16}])
(4, [5, 6, {1, 2, 3, 4, 7, 8, 9, 10, 11, 12, 13, 14, 15, 16}])
(4, [2, 4, 5, 14, {1, 3, 6, 7, 8, 9, 10, 11, 12, 13, 15, 16}])
(3, [15, {1, 2, 3, 4, 5, 6, 7, 8, 9, 10, 11, 12, 13, 14, 16}])
(3, [9, {1, 2, 3, 4, 5, 6, 7, 8, 10, 11, 12, 13, 14, 15, 16}])
(3, [6, {1, 2, 3, 4, 5, 7, 8, 9, 10, 11, 12, 13, 14, 15, 16}])
(3, [1, {2, 3, 4, 5, 6, 7, 8, 9, 10, 11, 12, 13, 14, 15, 16}])
(2, [9, 10, 12, 13, 15, {1, 2, 3, 4, 5, 6, 7, 8, 11, 14, 16}])
(2, [7, 9, 10, 16, {1, 2, 3, 4, 5, 6, 8, 11, 12, 13, 14, 15}])
(2, [1, 4, 5, 6, 14, {2, 3, 7, 8, 9, 10, 11, 12, 13, 15, 16}])
(2, [7, 9, 16, {1, 2, 3, 4, 5, 6, 8, 10, 11, 12, 13, 14, 15}])
(2, [2, 4, 5, 8, 14, {1, 3, 6, 7, 9, 10, 11, 12, 13, 15, 16}])
(2, [9, 16, {1, 2, 3, 4, 5, 6, 7, 8, 10, 11, 12, 13, 14, 15}])
(2, [4, {1, 2, 3, 5, 6, 7, 8, 9, 10, 11, 12, 13, 14, 15, 16}])
(2, [7, {1, 2, 3, 4, 5, 6, 8, 9, 10, 11, 12, 13, 14, 15, 16}])
(1, [14, {1, 2, 3, 4, 5, 6, 7, 8, 9, 10, 11, 12, 13, 15, 16}])
(1, [13, {1, 2, 3, 4, 5, 6, 7, 8, 9, 10, 11, 12, 14, 15, 16}])
(1, [4, 5, 6, 14, {1, 2, 3, 7, 8, 9, 10, 11, 12, 13, 15, 16}])
(1, [1, 2, 3, 4, 5, 6, 7, 8, 9, 10, 11, 12, 13, 14, 15, 16, {}])
(1, [1, 4, 5, 6, 15, {2, 3, 7, 8, 9, 10, 11, 12, 13, 14, 16}])
(1, [2, 4, 14, {1, 3, 5, 6, 7, 8, 9, 10, 11, 12, 13, 15, 16}])
(1, [9, 10, 13, 16, {1, 2, 3, 4, 5, 6, 7, 8, 11, 12, 14, 15}])
(1, [9, 10, 12, 13, {1, 2, 3, 4, 5, 6, 7, 8, 11, 14, 15, 16}])
(1, [7, 9, 10, 13, 16, {1, 2, 3, 4, 5, 6, 8, 11, 12, 14, 15}])
(1, [12, {1, 2, 3, 4, 5, 6, 7, 8, 9, 10, 11, 13, 14, 15, 16}])
(1, [2, 8, 14, {1, 3, 4, 5, 6, 7, 9, 10, 11, 12, 13, 15, 16}])
(1, [12, 13, {1, 2, 3, 4, 5, 6, 7, 8, 9, 10, 11, 14, 15, 16}])
(1, [9, 10, 12, 13, 16, {1, 2, 3, 4, 5, 6, 7, 8, 11, 14, 15}])
(1, [3, 7, 9, 10, 12, 13, 15, 16, {1, 2, 4, 5, 6, 8, 11, 14}])
(1, [1, 4, 5, 6, {2, 3, 7, 8, 9, 10, 11, 12, 13, 14, 15, 16}])
(1, [3, 7, 11, {1, 2, 4, 5, 6, 8, 9, 10, 12, 13, 14, 15, 16}])
(1, [4, 14, {1, 2, 3, 5, 6, 7, 8, 9, 10, 11, 12, 13, 15, 16}])
(1, [7, 9, 10, 12, 13, 16, {1, 2, 3, 4, 5, 6, 8, 11, 14, 15}])
Resultat : 161
Duration : 259.747874975
Axes :
[8, 2, 14, 4, 5, 6, 1, 15, 12, 13, 10, 9, 16, 7, 3, 11]
